ans =

 Columns 1 through 7:

  -2.2562e-002  -1.0562e-008  2.1941e-009  -6.9222e-006  8.8828e-005  -2.4274e-004  -2.7096e-003

 Columns 8 through 14:

  1.4576e-003  2.4603e-003  7.1363e-004  -5.7008e-004  -2.3146e-004  5.1291e-004  1.1340e-003

 Columns 15 through 21:

  3.6259e-004  4.1217e-004  1.3213e-004  1.3773e-004  1.0759e-005  -2.1216e-006  1.1419e-009

 Columns 22 through 28:

  2.2032e-008  -4.9578e-007  7.9675e-005  -7.4062e-004  -4.3042e-004  2.1556e-003  9.2708e-003

 Columns 29 through 35:

  1.5070e-002  7.3689e-003  7.6631e-003  6.3858e-004  -8.6666e-003  -1.3695e-002  -1.8024e-003

 Columns 36 through 42:

  -1.9855e-003  -1.3385e-003  4.1180e-005  3.6152e-003  3.2737e-004  -1.0261e-004  -2.5176e-007

 Columns 43 through 49:

  1.7293e-005  4.3031e-004  -4.3187e-003  -2.4428e-002  -4.2968e-002  -2.3417e-002  4.8786e-002

 Columns 50 through 56:

  1.2556e-001  7.7785e-002  3.9892e-002  3.3455e-002  -2.1631e-002  -9.3317e-002  -9.1493e-002

 Columns 57 through 63:

  -2.3992e-003  -2.5692e-002  -7.6660e-002  -3.3772e-003  4.8785e-004  1.1921e-006  -5.4031e-005

 Columns 64 through 70:

  -1.4305e-003  1.2197e-002  4.0218e-002  6.1073e-002  2.0042e-002  9.0977e-002  1.6352e-001

 Columns 71 through 77:

  1.0668e-001  5.6030e-002  6.7354e-002  -1.0795e-002  -1.0850e-001  -2.0781e-001  -4.4460e-002

 Columns 78 through 84:

  -5.9723e-002  -1.5556e-001  -2.3415e-003  8.8220e-003  1.4404e-005  -1.0992e-003  7.4045e-003

 Columns 85 through 91:

  5.8328e-002  1.1735e-001  1.9463e-001  2.1917e-002  -2.8499e-002  6.5111e-002  -2.9485e-002

 Columns 92 through 98:

  -2.4762e-002  8.1433e-002  -9.8776e-002  -1.4737e-001  -2.5639e-001  -2.7775e-001  -1.2267e-001

 Columns 99 through 105:

  -7.6779e-002  3.4113e-002  1.3229e-002  -3.4706e-004  2.0876e-003  4.4284e-002  7.9680e-002

 Columns 106 through 112:

  1.1105e-001  3.8087e-002  5.2890e-002  -1.0832e-002  -7.1453e-002  -2.1472e-002  2.3739e-001

 Columns 113 through 119:

  2.6706e-001  7.1179e-003  -3.3871e-001  -4.7782e-001  -2.6704e-001  1.8304e-002  1.3124e-001

 Columns 120 through 126:

  1.1509e-001  1.8285e-002  -1.2744e-003  1.0559e-002  1.1271e-001  2.2933e-001  1.1287e-001

 Columns 127 through 133:

  -1.4237e-002  1.6813e-002  8.2959e-002  1.3085e-001  7.5266e-002  7.4428e-002  1.4378e-001

 Columns 134 through 140:

  1.2525e-001  -1.8842e-001  -3.9125e-001  -1.2249e-001  -9.3521e-002  1.8374e-002  1.4895e-001

 Columns 141 through 147:

  2.6470e-002  -1.3031e-003  8.6946e-003  1.6060e-001  3.3810e-001  6.8657e-002  1.3366e-002

 Columns 148 through 154:

  3.8403e-002  -6.3422e-003  -1.0285e-001  -3.6473e-002  -2.1433e-001  -1.8897e-001  -8.2143e-002

 Columns 155 through 161:

  -4.1503e-002  -2.9392e-001  -1.8654e-001  -3.4693e-001  -1.3582e-001  2.4076e-001  2.7232e-002

 Columns 162 through 168:

  -1.7552e-003  1.6627e-002  1.4750e-001  2.2948e-001  1.8970e-002  -2.5371e-003  -9.4578e-003

 Columns 169 through 175:

  -8.8579e-002  -2.6943e-001  -4.7461e-002  -2.8380e-001  -1.6142e-001  2.4720e-001  3.8660e-001

 Columns 176 through 182:

  1.8194e-002  -1.3753e-001  -3.8459e-001  -1.3061e-001  2.8447e-001  5.5876e-002  -3.1411e-003

 Columns 183 through 189:

  3.5007e-002  6.1744e-002  3.6614e-002  -1.8916e-001  -3.7750e-002  8.3218e-002  -1.4641e-001

 Columns 190 through 196:

  -2.1699e-001  -3.8250e-001  -4.1258e-001  -3.0639e-002  5.6244e-001  4.2124e-001  1.3659e-001

 Columns 197 through 203:

  6.1879e-002  -5.1006e-001  -2.1602e-001  1.4479e-001  6.2013e-002  -3.6241e-003  4.1260e-002

 Columns 204 through 210:

  -3.6728e-002  -2.3116e-002  -1.5293e-001  -2.0943e-001  -2.9182e-002  -3.1601e-001  -3.8129e-001

 Columns 211 through 217:

  -5.2706e-001  1.5231e-002  3.4206e-001  6.0711e-001  2.3522e-001  2.0606e-001  -1.2500e-001

 Columns 218 through 224:

  -4.1993e-001  2.3879e-002  2.5249e-001  4.3618e-002  -3.1863e-003  5.8359e-002  3.7364e-002

 Columns 225 through 231:

  -2.1932e-001  -2.6232e-001  -5.2824e-002  -1.3029e-001  -1.8860e-001  1.0836e-001  2.4172e-001

 Columns 232 through 238:

  4.6720e-001  6.2568e-001  2.4854e-001  1.4356e-001  3.3856e-001  -1.2460e-001  -2.9781e-001

 Columns 239 through 245:

  5.2114e-002  2.1443e-001  2.1472e-002  -5.0081e-003  6.2496e-002  1.2359e-001  -8.9558e-002

 Columns 246 through 252:

  -2.2503e-001  -3.3013e-002  -2.3637e-001  -1.1434e-002  3.1555e-001  3.7854e-001  2.6582e-001

 Columns 253 through 259:

  4.0347e-001  9.2674e-002  3.5694e-002  -1.7717e-002  -1.9177e-001  -3.5763e-001  2.7995e-002

 Columns 260 through 266:

  1.6242e-001  3.3807e-002  -3.6445e-003  4.4356e-002  1.4841e-001  -6.4224e-002  -2.9191e-001

 Columns 267 through 273:

  -3.0077e-001  -2.4609e-001  7.7308e-002  1.3159e-001  2.3965e-001  2.1035e-001  2.3098e-001

 Columns 274 through 280:

  1.7969e-001  -1.3858e-001  -1.0585e-001  -1.5826e-001  -3.3326e-001  -1.0025e-001  1.1082e-001

 Columns 281 through 287:

  2.5226e-002  -5.6364e-004  2.1705e-002  1.8333e-001  3.1034e-002  -2.4141e-001  -1.5808e-001

 Columns 288 through 294:

  1.9944e-002  1.7053e-001  4.5881e-001  3.7754e-001  3.8076e-001  1.5305e-001  9.7353e-002

 Columns 295 through 301:

  -6.7540e-002  1.5785e-002  -5.6364e-002  -1.8962e-001  -2.6246e-002  4.5885e-002  -4.6403e-003

 Columns 302 through 308:

  -9.0361e-004  1.0336e-002  1.2122e-001  -1.2939e-002  -3.7315e-001  -2.6699e-001  -2.6456e-001

 Columns 309 through 315:

  -7.5699e-002  3.5028e-001  3.2409e-001  3.1658e-001  1.0960e-001  -1.5187e-001  -1.0053e-001

 Columns 316 through 322:

  -4.1420e-002  -4.3269e-002  -3.7854e-002  3.0320e-002  8.0820e-002  8.1115e-002  -4.2135e-004

 Columns 323 through 329:

  4.7278e-003  2.5903e-002  -7.4824e-002  -3.0012e-001  -4.3248e-001  -3.7357e-001  -2.6858e-001

 Columns 330 through 336:

  -9.2492e-002  -4.6644e-002  -3.9711e-002  3.5542e-002  9.9102e-002  8.4461e-002  2.4398e-002

 Columns 337 through 343:

  -4.8257e-002  -3.5375e-002  1.2564e-002  2.5793e-002  2.8540e-002  -1.1880e-004  2.8575e-003

 Columns 344 through 350:

  -1.7114e-002  -5.1938e-002  -1.6494e-001  -2.8154e-001  -3.8765e-001  -2.4382e-001  -7.7968e-002

 Columns 351 through 357:

  -1.9416e-002  -7.5236e-002  -6.7880e-002  1.1788e-001  1.8682e-001  2.6626e-003  -4.7259e-002

 Columns 358 through 364:

  1.2513e-002  1.8137e-002  6.6011e-003  -2.6759e-003  6.0512e-006  5.0083e-004  -5.5859e-003

 Columns 365 through 371:

  -1.1567e-002  -5.7433e-002  -1.2454e-001  -1.4220e-001  -1.2366e-001  -4.2465e-002  1.1790e-002

 Columns 372 through 378:

  2.4985e-002  5.1021e-002  7.5661e-002  4.0791e-002  1.4323e-003  -3.1058e-002  -6.5469e-003

 Columns 379 through 385:

  1.7570e-004  -5.9812e-004  -7.6070e-005  -6.8786e-009  -5.1735e-005  4.3960e-004  3.1559e-003

 Columns 386 through 392:

  -2.1810e-002  -2.6607e-002  -1.3881e-002  -4.9566e-003  -1.2470e-002  3.5674e-004  5.3134e-004

 Columns 393 through 399:

  4.6986e-003  2.2161e-003  -9.4708e-003  -9.8458e-004  2.0476e-003  6.2806e-004  -1.3053e-005

 Columns 400 and 401:

  -5.0418e-006  2.8046e-009

